# Python Intermediate file for: Path1
# This file requires the post processor: ABB_RAPID_IRC5
# to generate the appropriate file for your robot.

import sys
import os
sys.path.append(os.path.abspath(r"""C:/RoboDK/Posts/""")) # temporarily add path to POSTS folder

from ABB_RAPID_IRC5 import *

def p(x,y,z,r,p,w):
  a = r*math.pi/180.0
  b = p*math.pi/180.0
  c = w*math.pi/180.0
  ca = math.cos(a)
  sa = math.sin(a)
  cb = math.cos(b)
  sb = math.sin(b)
  cc = math.cos(c)
  sc = math.sin(c)
  return Mat([[cb*ca,ca*sc*sb-cc*sa,sc*sa+cc*ca*sb,x],[cb*sa,cc*ca+sc*sb*sa,cc*sb*sa-ca*sc,y],[-sb,cb*sc,cc*cb,z],[0.0,0.0,0.0,1.0]])

print('Total instructions: 103')
r = RobotPost(r"""ABB_RAPID_IRC5""",r"""ABB IRB 6640-180/2.55""",6, axes_type=['R','R','R','R','R','R'], ip_com=r"""192.168.125.1""", api_port=20500, prog_ptr=2120133702624, robot_ptr=2120135794544)

r.ProgStart(r"""Path1""")
r.RunMessage(r"""Program generated by RoboDK v5.3.2 for ABB IRB 6640-180/2.55 on 08/07/2022 14:57:27""",True)
r.RunMessage(r"""Using nominal kinematics.""",True)
r.setZoneData(1.000)
r.setSpeed(500.000)
r.setFrame(p(435.153,997.226,955.194,-82.6651,5.85772,84.1248),2,r"""Frame 2""")
r.setTool(p(75,0,493.301,0,30,0),-1,r"""Paint gun""")
r.RunMessage(r"""Show Paint gun""",True)
r.MoveJ(None,[-55.097,-38.5351,54.6256,57.6408,41.4183,-99.1375],None)
r.MoveL(p(1886.54,245.765,-324.259,-82.9853,-61.0634,-160.288),[-53.9573,-33.784,56.8184,64.8484,37.1249,-107.941],[0,0,0])
r.setSpeed(50.000)
r.MoveL(p(1871.02,237.558,-324.784,-83.7316,-60.7441,-160.616),[-53.875,-34.3142,57.338,64.7996,37.7098,-106.973],[0,0,0])
r.MoveL(p(1855.29,229.781,-325.598,-84.771,-60.9215,-160.626),[-53.4584,-34.8577,57.6285,63.6657,37.9448,-104.885],[0,0,0])
r.MoveL(p(1839.38,222.447,-326.703,-85.9546,-61.309,-160.507),[-52.8912,-35.3786,57.7936,62.0711,38.0831,-102.301],[0,0,0])
r.MoveL(p(1823.28,215.565,-328.098,-87.1987,-61.7539,-160.355),[-52.2701,-35.8627,57.8944,60.357,38.2465,-99.5643],[0,0,0])
r.MoveL(p(1807.02,209.145,-329.781,-88.4564,-62.1862,-160.217),[-51.6398,-36.3094,57.9633,58.6918,38.4774,-96.8468],[0,0,0])
r.MoveL(p(1790.62,203.193,-331.749,-89.7063,-62.5845,-160.108),[-51.0139,-36.7224,58.0138,57.1367,38.7784,-94.2137],[0,0,0])
r.MoveL(p(1774.08,197.714,-333.998,-90.942,-62.9505,-160.029),[-50.3914,-37.1046,58.0482,55.6971,39.1381,-91.6736],[0,0,0])
r.MoveL(p(1757.44,192.707,-336.52,-92.1639,-63.2938,-159.973),[-49.7667,-37.4578,58.065,54.3585,39.5429,-89.215],[0,0,0])
r.MoveL(p(1740.71,188.174,-339.307,-93.3727,-63.6228,-159.934),[-49.1346,-37.7828,58.0624,53.1066,39.9817,-86.8267],[0,0,0])
r.MoveL(p(1723.9,184.108,-342.35,-94.5669,-63.9416,-159.91),[-48.4928,-38.0808,58.0406,51.9349,40.4461,-84.5048],[0,0,0])
r.MoveL(p(1707.03,180.505,-345.64,-95.7416,-64.2499,-159.9),[-47.8413,-38.3541,58.0021,50.8444,40.9287,-82.2535],[0,0,0])
r.MoveL(p(1690.11,177.356,-349.165,-96.8897,-64.5446,-159.905),[-47.1813,-38.6066,57.9511,49.8402,41.4226,-80.0804],[0,0,0])
r.MoveL(p(1673.17,174.649,-352.913,-98.0034,-64.8215,-159.929),[-46.5144,-38.8427,57.8923,48.9266,41.9201,-77.9925],[0,0,0])
r.MoveL(p(1656.22,172.373,-356.872,-99.0759,-65.0774,-159.972),[-45.8413,-39.0674,57.8299,48.1043,42.4136,-75.993],[0,0,0])
r.MoveL(p(1639.26,170.515,-361.029,-100.103,-65.3112,-160.035),[-45.1612,-39.2848,57.7665,47.3688,42.8956,-74.0791],[0,0,0])
r.MoveL(p(1622.3,169.058,-365.372,-101.082,-65.524,-160.115),[-44.4723,-39.4975,57.7032,46.7103,43.3599,-72.2428],[0,0,0])
r.MoveL(p(1605.37,167.987,-369.888,-102.016,-65.7195,-160.21),[-43.7716,-39.7067,57.6389,46.115,43.8016,-70.472],[0,0,0])
r.MoveL(p(1588.46,167.285,-374.565,-102.908,-65.9031,-160.313),[-43.0559,-39.9119,57.5713,45.5674,44.2178,-68.7527],[0,0,0])
r.MoveL(p(1571.57,166.934,-379.389,-103.762,-66.0808,-160.418),[-42.3219,-40.1113,57.4971,45.0517,44.607,-67.0704],[0,0,0])
r.MoveL(p(1554.73,166.919,-384.349,-104.587,-66.2589,-160.522),[-41.5666,-40.3021,57.4127,44.5537,44.9694,-65.4121],[0,0,0])
r.MoveL(p(1537.92,167.22,-389.433,-105.386,-66.4431,-160.616),[-40.788,-40.4812,57.3146,44.0612,45.3059,-63.7673],[0,0,0])
r.MoveL(p(1521.16,167.821,-394.63,-106.165,-66.6381,-160.699),[-39.9847,-40.6456,57.2001,43.5653,45.6182,-62.1281],[0,0,0])
r.MoveL(p(1504.44,168.704,-399.928,-106.928,-66.8471,-160.766),[-39.1563,-40.7927,57.0671,43.0594,45.9082,-60.4894],[0,0,0])
r.MoveL(p(1487.77,169.851,-405.317,-107.677,-67.0722,-160.815),[-38.3028,-40.9204,56.9141,42.5395,46.1778,-58.8483],[0,0,0])
r.MoveL(p(1471.14,171.246,-410.788,-108.416,-67.3146,-160.844),[-37.4248,-41.0273,56.7407,42.0035,46.4286,-57.2039],[0,0,0])
r.MoveL(p(1454.56,172.873,-416.329,-109.145,-67.5745,-160.851),[-36.5232,-41.1124,56.5467,41.45,46.6623,-55.5558],[0,0,0])
r.MoveL(p(1438.02,174.715,-421.933,-109.866,-67.8518,-160.836),[-35.5989,-41.1752,56.3322,40.8787,46.8801,-53.9047],[0,0,0])
r.MoveL(p(1421.52,176.756,-427.589,-110.579,-68.1462,-160.798),[-34.6531,-41.2154,56.0977,40.2891,47.0834,-52.251],[0,0,0])
r.MoveL(p(1405.07,178.982,-433.29,-111.286,-68.4575,-160.736),[-33.6865,-41.2325,55.8435,39.6809,47.2735,-50.5952],[0,0,0])
r.MoveL(p(1388.64,181.377,-439.027,-111.988,-68.7852,-160.647),[-32.7003,-41.2264,55.5698,39.0537,47.4518,-48.9376],[0,0,0])
r.MoveL(p(1372.25,183.927,-444.793,-112.687,-69.1293,-160.53),[-31.6951,-41.1969,55.277,38.407,47.6197,-47.2784],[0,0,0])
r.MoveL(p(1355.89,186.617,-450.578,-113.384,-69.4894,-160.384),[-30.672,-41.1437,54.9653,37.7403,47.7787,-45.6179],[0,0,0])
r.MoveL(p(1339.56,189.434,-456.377,-114.082,-69.8652,-160.207),[-29.6316,-41.0671,54.6352,37.0532,47.9301,-43.956],[0,0,0])
r.MoveL(p(1323.25,192.365,-462.18,-114.781,-70.256,-159.995),[-28.5747,-40.9671,54.2872,36.3454,48.0751,-42.293],[0,0,0])
r.MoveL(p(1306.95,195.395,-467.982,-115.485,-70.6609,-159.747),[-27.5019,-40.8444,53.9219,35.6165,48.2146,-40.6291],[0,0,0])
r.MoveL(p(1290.67,198.512,-473.776,-116.195,-71.079,-159.461),[-26.4138,-40.6997,53.5403,34.8661,48.3493,-38.9643],[0,0,0])
r.MoveL(p(1274.4,201.703,-479.553,-116.912,-71.5089,-159.134),[-25.3107,-40.5339,53.1431,34.0938,48.4799,-37.2984],[0,0,0])
r.MoveL(p(1258.13,204.955,-485.308,-117.638,-71.9495,-158.762),[-24.1929,-40.348,52.7311,33.2987,48.6069,-35.631],[0,0,0])
r.MoveL(p(1241.86,208.257,-491.032,-118.378,-72.4001,-158.343),[-23.0604,-40.1425,52.3049,32.4795,48.731,-33.9611],[0,0,0])
r.MoveL(p(1225.59,211.594,-496.721,-119.135,-72.8599,-157.87),[-21.9131,-39.9178,51.865,31.6346,48.8535,-32.2876],[0,0,0])
r.MoveL(p(1209.31,214.955,-502.365,-119.913,-73.3291,-157.338),[-20.7509,-39.6737,51.4111,30.7619,48.976,-30.6087],[0,0,0])
r.MoveL(p(1193.01,218.328,-507.959,-120.722,-73.8081,-156.74),[-19.5734,-39.4097,50.9429,29.8591,49.1005,-28.9227],[0,0,0])
r.MoveL(p(1176.7,221.7,-513.496,-121.569,-74.2979,-156.064),[-18.3802,-39.1245,50.4595,28.9239,49.23,-27.2275],[0,0,0])
r.MoveL(p(1160.36,225.057,-518.967,-122.468,-74.7996,-155.298),[-17.171,-38.8168,49.9601,27.9539,49.3677,-25.5214],[0,0,0])
r.MoveL(p(1143.99,228.387,-524.366,-123.432,-75.3144,-154.427),[-15.9454,-38.485,49.4436,26.947,49.517,-23.8027],[0,0,0])
r.MoveL(p(1127.58,231.678,-529.684,-124.478,-75.843,-153.432),[-14.703,-38.1276,48.9089,25.9013,49.6816,-22.0699],[0,0,0])
r.MoveL(p(1111.14,234.914,-534.913,-125.627,-76.3853,-152.293),[-13.4433,-37.7436,48.3555,24.8153,49.8647,-20.3219],[0,0,0])
r.MoveL(p(1094.65,238.084,-540.046,-126.901,-76.9405,-150.984),[-12.1657,-37.3325,47.7832,23.6876,50.0689,-18.5577],[0,0,0])
print('Done instruction: 50')
sys.stdout.flush()
r.MoveL(p(1078.12,241.172,-545.074,-128.326,-77.506,-149.478),[-10.8695,-36.8942,47.1924,22.5171,50.2963,-16.7763],[0,0,0])
r.MoveL(p(1061.53,244.164,-549.986,-129.931,-78.0785,-147.743),[-9.55362,-36.4295,46.584,21.3023,50.5482,-14.9767],[0,0,0])
r.MoveL(p(1044.89,247.045,-554.774,-131.748,-78.6529,-145.743),[-8.21686,-35.9396,45.9593,20.0419,50.8254,-13.1575],[0,0,0])
r.MoveL(p(1028.18,249.799,-559.428,-133.814,-79.2233,-143.44),[-6.85782,-35.4258,45.3199,18.734,51.1283,-11.3171],[0,0,0])
r.MoveL(p(1011.42,252.411,-563.936,-136.168,-79.7827,-140.789),[-5.47488,-34.8894,44.6676,17.3767,51.4575,-9.45384],[0,0,0])
r.MoveL(p(994.592,254.864,-568.289,-138.856,-80.3233,-137.742),[-4.0664,-34.3314,44.0039,15.9677,51.814,-7.56558],[0,0,0])
r.MoveL(p(977.696,257.14,-572.474,-141.925,-80.8367,-134.248),[-2.6307,-33.7518,43.3301,14.5049,52.1997,-5.6504],[0,0,0])
r.MoveL(p(960.733,259.221,-576.48,-145.426,-81.3136,-130.254),[-1.16626,-33.1501,42.647,12.9864,52.6173,-3.70661],[0,0,0])
r.MoveL(p(943.702,261.09,-580.293,-149.401,-81.7436,-125.712),[0.328292,-32.5251,41.9553,11.411,53.0706,-1.73303],[0,0,0])
r.MoveL(p(926.603,262.726,-583.901,-153.881,-82.1151,-120.59),[1.85402,-31.8746,41.2552,9.77802,53.5644,0.270853],[0,0,0])
r.MoveL(p(909.436,264.111,-587.291,-158.863,-82.4152,-114.887),[3.41171,-31.1964,40.5469,8.08797,54.1037,2.30476],[0,0,0])
r.MoveL(p(892.206,265.224,-590.447,-164.296,-82.6302,-108.651),[5.00183,-30.488,39.831,6.34217,54.6936,4.36761],[0,0,0])
r.MoveL(p(874.916,266.044,-593.356,-170.06,-82.7471,-101.999),[6.62444,-29.7473,39.1085,4.54302,55.3387,6.45752],[0,0,0])
r.MoveL(p(857.572,266.552,-596.002,-175.966,-82.7559,-95.1157),[8.27923,-28.9727,38.3814,2.69384,56.0427,8.57192],[0,0,0])
r.MoveL(p(840.181,266.725,-598.372,178.223,-82.6515,-88.2364),[9.96539,-28.1633,37.652,0.798897,56.8084,10.7075],[0,0,0])
r.MoveL(p(822.754,266.545,-600.449,172.749,-82.4357,-81.6013),[11.6815,-27.3186,36.9239,-1.13656,57.6372,12.8603],[0,0,0])
r.MoveL(p(805.301,265.99,-602.219,167.814,-82.1167,-75.4097),[13.4254,-26.4386,36.2009,-3.10619,58.5298,15.0253],[0,0,0])
r.MoveL(p(787.836,265.041,-603.668,163.546,-81.7076,-69.7901),[15.1939,-25.5233,35.4871,-5.10241,59.486,17.1968],[0,0,0])
r.MoveL(p(770.374,263.681,-604.782,159.997,-81.2241,-64.7942),[16.9831,-24.5725,34.7862,-7.11623,60.5054,19.3678],[0,0,0])
r.MoveL(p(752.934,261.893,-605.549,157.154,-80.6817,-60.4118),[18.7876,-23.5854,34.1017,-9.13716,61.5873,21.5301],[0,0,0])
r.MoveL(p(735.534,259.663,-605.956,154.962,-80.0946,-56.5926),[20.6012,-22.5609,33.4362,-11.1534,62.7309,23.6747],[0,0,0])
r.MoveL(p(718.195,256.978,-605.996,153.349,-79.4743,-53.2662),[22.4167,-21.4973,32.7915,-13.1518,63.935,25.7918],[0,0,0])
r.MoveL(p(700.937,253.829,-605.66,152.232,-78.8295,-50.3571),[24.226,-20.3928,32.1687,-15.1189,65.1979,27.8712],[0,0,0])
r.MoveL(p(683.783,250.209,-604.943,151.533,-78.1664,-47.7927),[26.0207,-19.2457,31.5678,-17.0408,66.5174,29.9029],[0,0,0])
r.MoveL(p(666.756,246.114,-603.841,151.18,-77.4888,-45.5076),[27.7922,-18.0542,30.9884,-18.904,67.8903,31.8779],[0,0,0])
r.MoveL(p(649.878,241.544,-602.354,151.107,-76.7982,-43.4447),[29.5318,-16.8166,30.429,-20.6957,69.3133,33.7877],[0,0,0])
r.MoveL(p(633.172,236.502,-600.484,151.259,-76.0938,-41.5541),[31.2313,-15.5312,29.8872,-22.4045,70.783,35.6256],[0,0,0])
r.MoveL(p(616.658,230.994,-598.235,151.586,-75.3729,-39.7929),[32.8831,-14.196,29.3596,-24.0198,72.2965,37.3859],[0,0,0])
r.MoveL(p(600.356,225.029,-595.613,152.045,-74.6304,-38.1246),[34.4801,-12.8086,28.8417,-25.5328,73.8516,39.0649],[0,0,0])
r.MoveL(p(584.286,218.619,-592.627,152.603,-73.8599,-36.5198),[36.0161,-11.3663,28.3284,-26.9361,75.4468,40.6602],[0,0,0])
r.MoveL(p(568.465,211.778,-589.288,153.235,-73.054,-34.9574),[37.4858,-9.8671,27.8146,-28.2245,77.0808,42.1716],[0,0,0])
r.MoveL(p(552.905,204.522,-585.607,153.926,-72.2067,-33.4257),[38.8853,-8.31034,27.2963,-29.3946,78.751,43.6009],[0,0,0])
r.MoveL(p(537.621,196.871,-581.599,154.671,-71.3143,-31.9226),[40.2117,-6.69786,26.7712,-30.4461,80.4533,44.9521],[0,0,0])
r.MoveL(p(522.619,188.842,-577.277,155.471,-70.3774,-30.4539),[41.4639,-5.03467,26.2396,-31.3811,82.1803,46.2311],[0,0,0])
r.MoveL(p(507.907,180.456,-572.657,156.331,-69.4003,-29.03),[42.6422,-3.32877,25.7041,-32.204,83.9224,47.4455],[0,0,0])
r.MoveL(p(493.487,171.731,-567.755,157.256,-68.3904,-27.6613),[43.7483,-1.58968,25.1684,-32.9212,85.6692,48.6031],[0,0,0])
r.MoveL(p(479.36,162.688,-562.586,158.246,-67.3543,-26.3534),[44.7847,0.17404,24.6359,-33.5391,87.4119,49.7119],[0,0,0])
r.MoveL(p(465.526,153.345,-557.164,159.297,-66.2951,-25.1053),[45.754,1.95735,24.1076,-34.0635,89.1462,50.7789],[0,0,0])
r.MoveL(p(451.982,143.721,-551.506,160.405,-65.2102,-23.9096),[46.6579,3.75987,23.5815,-34.4985,90.8736,51.8106],[0,0,0])
r.MoveL(p(438.726,133.832,-545.624,161.564,-64.093,-22.7567),[47.4979,5.58441,23.0537,-34.8471,92.5996,52.8131],[0,0,0])
r.MoveL(p(425.753,123.697,-539.532,162.773,-62.9375,-21.6398),[48.2749,7.4332,22.5212,-35.1118,94.3292,53.7928],[0,0,0])
r.MoveL(p(413.06,113.33,-533.243,164.032,-61.7435,-20.5582),[48.9906,9.30392,21.9843,-35.2961,96.0624,54.7565],[0,0,0])
r.MoveL(p(400.639,102.75,-526.77,165.342,-60.5188,-19.5168),[49.6484,11.1884,21.4472,-35.4053,97.7927,55.711],[0,0,0])
r.MoveL(p(388.485,91.9695,-520.126,166.704,-59.2756,-18.5211),[50.2525,13.0761,20.9162,-35.4459,99.5107,56.6626],[0,0,0])
r.MoveL(p(376.591,81.0035,-513.322,168.117,-58.0224,-17.5714),[50.8076,14.9611,20.3949,-35.4241,101.212,57.6171],[0,0,0])
r.MoveL(p(364.948,69.864,-506.368,169.583,-56.7591,-16.6624),[51.3167,16.8449,19.8835,-35.3448,102.902,58.5806],[0,0,0])
r.MoveL(p(353.551,58.5621,-499.274,171.103,-55.4886,-15.7904),[51.7827,18.7264,19.3835,-35.2119,104.58,59.5588],[0,0,0])
r.MoveL(p(342.392,47.1077,-492.047,172.664,-54.2388,-14.9658),[52.2127,20.5827,18.9064,-35.0312,106.222,60.5513],[0,0,0])
r.MoveL(p(331.461,35.5116,-484.696,174.228,-53.0609,-14.2081),[52.6189,22.3724,18.4714,-34.8118,107.78,61.5493],[0,0,0])
r.MoveL(p(320.751,23.7844,-477.231,175.8,-51.9473,-13.504),[53.0047,24.1066,18.0726,-34.5585,109.266,62.5544],[0,0,0])
print('Done instruction: 100')
sys.stdout.flush()
r.MoveL(p(310.26,11.9355,-469.657,177.486,-50.7486,-12.7744),[53.3421,25.9137,17.6538,-34.254,110.839,63.6099],[0,0,0])
r.MoveL(p(299.997,0.00011085,-462,178.851,-49.8057,-12.2121),[53.6821,27.4183,17.334,-33.8731,112.045,64.5766],[0,0,0])
r.setSpeed(500.000)
r.MoveL(p(225.779,22.6464,-525.078,178.851,-49.8057,-12.2121),[53.7668,31.0765,10.3074,-34.6157,114.864,62.5664],[0,0,0])
r.ProgFinish(r"""Path1""")
r.ProgSave(r"""C:/Users/hehon/Documents/RoboDK/""",r"""Path1""",False,r"""C:/RoboDK/Other/VSCodium/VSCodium.exe""")
