# Python Intermediate file for: Path1
# This file requires the post processor: ABB_RAPID_IRC5
# to generate the appropriate file for your robot.

import sys
import os
sys.path.append(os.path.abspath(r"""C:/RoboDK/Posts/""")) # temporarily add path to POSTS folder

from ABB_RAPID_IRC5 import *

def p(x,y,z,r,p,w):
  a = r*math.pi/180.0
  b = p*math.pi/180.0
  c = w*math.pi/180.0
  ca = math.cos(a)
  sa = math.sin(a)
  cb = math.cos(b)
  sb = math.sin(b)
  cc = math.cos(c)
  sc = math.sin(c)
  return Mat([[cb*ca,ca*sc*sb-cc*sa,sc*sa+cc*ca*sb,x],[cb*sa,cc*ca+sc*sb*sa,cc*sb*sa-ca*sc,y],[-sb,cb*sc,cc*cb,z],[0.0,0.0,0.0,1.0]])

print('Total instructions: 103')
r = RobotPost(r"""ABB_RAPID_IRC5""",r"""ABB IRB 6640-180/2.55""",6, axes_type=['R','R','R','R','R','R'], ip_com=r"""192.168.125.1""", api_port=20500, prog_ptr=2119853281648, robot_ptr=2120098656608)

r.ProgStart(r"""Path1""")
r.RunMessage(r"""Program generated by RoboDK v5.3.2 for ABB IRB 6640-180/2.55 on 08/07/2022 14:58:58""",True)
r.RunMessage(r"""Using nominal kinematics.""",True)
r.setZoneData(1.000)
r.setSpeed(500.000)
r.setFrame(p(1086.51,-506.823,968.91,90.4747,0.160662,8.26958),3,r"""Frame 3""")
r.setTool(p(75,0,493.301,0,30,0),-1,r"""Paint gun""")
r.RunMessage(r"""Show Paint gun""",True)
r.MoveJ(None,[-28.7631,-23.7662,33.6482,11.5073,61.2525,-32.677],None)
r.MoveL(p(0,0,25.4,89.5203,0,180),[-29.1657,-24.2656,38.8528,12.2357,56.7286,-34.2553],[0,0,0])
r.setSpeed(50.000)
r.MoveL(p(10.2747,0.0298489,25.4,89.5204,0.0336645,180),[-28.6801,-24.5938,39.0614,12.0621,56.7187,-33.6879],[0,0,0])
r.MoveL(p(20.5494,0.119395,25.3999,89.5205,0.134657,179.999),[-28.2122,-24.9626,39.3037,11.9373,56.6644,-33.1627],[0,0,0])
r.MoveL(p(30.8241,0.268638,25.3993,89.5207,0.302975,179.997),[-27.7614,-25.3727,39.5797,11.8594,56.565,-32.6781],[0,0,0])
r.MoveL(p(41.0989,0.477568,25.3978,89.5209,0.538599,179.995),[-27.327,-25.825,39.8895,11.8267,56.4201,-32.2325],[0,0,0])
r.MoveL(p(51.373,0.746135,25.3945,89.5213,0.841453,179.993),[-26.9084,-26.3203,40.2333,11.8377,56.2296,-31.8249],[0,0,0])
r.MoveL(p(61.6457,1.07425,25.3886,89.5216,1.21139,179.99),[-26.5049,-26.8591,40.6111,11.8911,55.9933,-31.4539],[0,0,0])
r.MoveL(p(71.9157,1.46173,25.379,89.5219,1.64813,179.986),[-26.116,-27.4421,41.023,11.9858,55.711,-31.1188],[0,0,0])
r.MoveL(p(82.1836,1.9084,25.3642,89.5223,2.15134,179.982),[-25.741,-28.0698,41.4691,12.1206,55.3829,-30.8186],[0,0,0])
r.MoveL(p(92.4485,2.41392,25.3426,89.5225,2.72044,179.977),[-25.3792,-28.7426,41.9495,12.2946,55.0093,-30.5524],[0,0,0])
r.MoveL(p(102.71,2.97787,25.3127,89.5227,3.35469,179.972),[-25.0298,-29.4607,42.464,12.5068,54.5906,-30.3195],[0,0,0])
r.MoveL(p(112.969,3.59969,25.2725,89.5228,4.05306,179.966),[-24.6919,-30.2241,43.0126,12.7562,54.1275,-30.119],[0,0,0])
r.MoveL(p(123.224,4.27858,25.2198,89.5228,4.81415,179.96),[-24.3646,-31.0327,43.5947,13.0416,53.6209,-29.9499],[0,0,0])
r.MoveL(p(133.475,5.01359,25.1526,89.5225,5.63623,179.953),[-24.0468,-31.8861,44.2099,13.3619,53.0721,-29.8111],[0,0,0])
r.MoveL(p(143.722,5.80351,25.0685,89.522,6.51712,179.946),[-23.7373,-32.7834,44.8574,13.7155,52.4827,-29.7013],[0,0,0])
r.MoveL(p(153.964,6.64681,24.9652,89.5212,7.45413,179.938),[-23.4346,-33.7235,45.536,14.1007,51.8544,-29.6187],[0,0,0])
r.MoveL(p(164.202,7.5416,24.8402,89.5201,8.44398,179.93),[-23.1372,-34.7049,46.2443,14.5152,51.1898,-29.5613],[0,0,0])
r.MoveL(p(174.435,8.4858,24.6913,89.5186,9.48299,179.921),[-22.8431,-35.7257,46.9807,14.9564,50.4913,-29.5265],[0,0,0])
r.MoveL(p(184.663,9.47657,24.5161,89.5167,10.5665,179.911),[-22.5503,-36.7833,47.7428,15.4207,49.7621,-29.5111],[0,0,0])
r.MoveL(p(194.886,10.5109,24.3126,89.5144,11.6896,179.902),[-22.2563,-37.8749,48.5281,15.9043,49.0055,-29.5111],[0,0,0])
r.MoveL(p(205.105,11.5853,24.0789,89.5116,12.8465,179.891),[-21.9586,-38.9972,49.3337,16.402,48.2254,-29.5218],[0,0,0])
r.MoveL(p(215.318,12.6954,23.8137,89.5082,14.0308,179.881),[-21.6541,-40.1459,50.1558,16.908,47.4259,-29.5376],[0,0,0])
r.MoveL(p(225.528,13.8366,23.5156,89.5044,15.2358,179.87),[-21.3397,-41.3168,50.9908,17.4154,46.6112,-29.5518],[0,0,0])
r.MoveL(p(235.734,15.0037,23.1843,89.5,16.4538,179.858),[-21.0118,-42.5047,51.8341,17.9159,45.7858,-29.5566],[0,0,0])
r.MoveL(p(245.936,16.1903,22.82,89.495,17.6768,179.847),[-20.6668,-43.704,52.6811,18.4003,44.9546,-29.5434],[0,0,0])
r.MoveL(p(256.136,17.39,22.4235,89.4895,18.8965,179.835),[-20.3008,-44.9088,53.5265,18.8582,44.1221,-29.5022],[0,0,0])
r.MoveL(p(266.334,18.5951,21.9967,89.4835,20.1041,179.822),[-19.9098,-46.1124,54.365,19.2778,43.2932,-29.4222],[0,0,0])
r.MoveL(p(276.531,19.7975,21.5423,89.4771,21.2908,179.81),[-19.4896,-47.3079,55.1907,19.6464,42.4726,-29.2915],[0,0,0])
r.MoveL(p(286.729,20.9882,21.0643,89.4703,22.4472,179.798),[-19.0364,-48.4876,55.9978,19.9505,41.6652,-29.0974],[0,0,0])
r.MoveL(p(296.928,22.1571,20.568,89.4631,23.5641,179.785),[-18.5462,-49.6437,56.78,20.1757,40.8757,-28.8269],[0,0,0])
r.MoveL(p(307.13,23.2937,20.0595,89.4557,24.6323,179.773),[-18.0152,-50.7676,57.5311,20.3073,40.1089,-28.4664],[0,0,0])
r.MoveL(p(317.337,24.3868,19.5465,89.4483,25.6425,179.761),[-17.44,-51.8506,58.2448,20.3306,39.3697,-28.0023],[0,0,0])
r.MoveL(p(327.549,25.4236,19.0382,89.4409,26.5853,179.75),[-16.8177,-52.883,58.9144,20.2311,38.6636,-27.4218],[0,0,0])
r.MoveL(p(337.769,26.3913,18.5447,89.4336,27.4514,179.739),[-16.1458,-53.855,59.5336,19.9954,37.9961,-26.7126],[0,0,0])
r.MoveL(p(347.998,27.2761,18.0773,89.4268,28.2315,179.729),[-15.4225,-54.7558,60.0956,19.6115,37.3736,-25.864],[0,0,0])
r.MoveL(p(358.236,28.0633,17.6485,89.4205,28.9162,179.72),[-14.6469,-55.5744,60.5938,19.0695,36.8032,-24.8673],[0,0,0])
r.MoveL(p(368.485,28.7379,17.2714,89.4149,29.4959,179.712),[-13.8187,-56.299,61.0214,18.3628,36.2927,-23.7166],[0,0,0])
r.MoveL(p(378.742,29.2844,16.9593,89.4103,29.9606,179.706),[-12.9391,-56.9171,61.3714,17.4882,35.8514,-22.4096],[0,0,0])
r.MoveL(p(389.01,29.6871,16.7256,89.4069,30.3003,179.701),[-12.0102,-57.4161,61.6368,16.4476,35.4895,-20.9482],[0,0,0])
r.MoveL(p(399.28,29.9301,16.5829,89.4048,30.5042,179.698),[-11.0357,-57.7824,61.8103,15.2488,35.2185,-19.3402],[0,0,0])
r.MoveL(p(409.55,29.9985,16.5426,89.4042,30.5614,179.697),[-10.0206,-58.0028,61.8845,13.9057,35.0509,-17.599],[0,0,0])
r.MoveL(p(419.82,29.8777,16.6138,89.4052,30.4603,179.698),[-8.97066,-58.0641,61.8521,12.4385,35.0001,-15.7431],[0,0,0])
r.MoveL(p(430.089,29.5544,16.8029,89.408,30.1886,179.702),[-7.89322,-57.953,61.7053,10.8741,35.0801,-13.7977],[0,0,0])
r.MoveL(p(440.348,29.0168,17.1128,89.4126,29.7336,179.709),[-6.79771,-57.6568,61.4365,9.24706,35.3055,-11.7951],[0,0,0])
r.MoveL(p(450.588,28.2554,17.542,89.4189,29.082,179.718),[-5.6946,-57.1639,61.038,7.59686,35.6903,-9.77225],[0,0,0])
r.MoveL(p(460.803,27.2633,18.0842,89.4269,28.2204,179.729),[-4.59511,-56.464,60.5026,5.96614,36.2483,-7.76896],[0,0,0])
r.MoveL(p(470.986,26.0364,18.7278,89.4363,27.1352,179.743),[-3.51118,-55.548,59.8235,4.39846,36.9916,-5.82579],[0,0,0])
r.MoveL(p(481.133,24.5734,19.4566,89.447,25.8133,179.759),[-2.4548,-54.4089,58.9944,2.93514,37.9314,-3.9812],[0,0,0])
r.MoveL(p(491.237,22.8768,20.2489,89.4585,24.2425,179.778),[-1.4379,-53.0419,58.0107,1.61291,39.0764,-2.26947],[0,0,0])
print('Done instruction: 50')
sys.stdout.flush()
r.MoveL(p(501.299,20.9516,21.0795,89.4705,22.412,179.798),[-0.471348,-51.4446,56.8689,0.46075,40.4333,-0.717532],[0,0,0])
r.MoveL(p(511.315,18.8065,21.9189,89.4824,20.3141,179.82),[0.435132,-49.6182,55.5686,-0.501356,42.0054,0.655927],[0,0,0])
r.MoveL(p(521.286,16.4536,22.7354,89.4938,17.946,179.844),[1.27371,-47.5681,54.1128,-1.26375,43.7922,1.84181],[0,0,0])
r.MoveL(p(531.214,13.9074,23.4963,89.5041,15.3101,179.869),[2.03925,-45.3044,52.5084,-1.82737,45.7881,2.84103],[0,0,0])
r.MoveL(p(541.101,11.1862,24.1684,89.5127,12.418,179.895),[2.72915,-42.8443,50.7686,-2.20239,47.981,3.66299],[0,0,0])
r.MoveL(p(550.954,8.31071,24.7202,89.5189,9.29077,179.922),[3.3441,-40.2118,48.9125,-2.40692,50.3509,4.32475],[0,0,0])
r.MoveL(p(560.775,5.30594,25.1229,89.5223,5.96258,179.95),[3.88762,-37.4403,46.9668,-2.46453,52.8681,4.84844],[0,0,0])
r.MoveL(p(570.569,2.19901,25.3524,89.5224,2.47856,179.979),[4.36624,-34.5703,44.9639,-2.40183,55.4947,5.25945],[0,0,0])
r.MoveL(p(580.342,-0.979102,25.3906,89.5188,-1.10412,-179.991),[4.7886,-31.6502,42.9418,-2.24592,58.1835,5.58371],[0,0,0])
r.MoveL(p(590.101,-4.19515,25.2268,89.5112,-4.7207,-179.96),[5.16484,-28.7319,40.9404,-2.0222,60.8825,5.84592],[0,0,0])
r.MoveL(p(599.851,-7.41168,24.8593,89.4995,-8.30053,-179.928),[5.50553,-25.87,38.9999,-1.75309,63.5363,6.06781],[0,0,0])
r.MoveL(p(609.604,-10.5913,24.2959,89.4838,-11.7764,-179.895),[5.82125,-23.1142,37.1553,-1.45695,66.0931,6.26767],[0,0,0])
r.MoveL(p(619.375,-13.6932,23.5545,89.4645,-15.085,-179.861),[6.12163,-20.5094,35.4362,-1.14826,68.5061,6.45984],[0,0,0])
r.MoveL(p(629.171,-16.6724,22.6641,89.4421,-18.1689,-179.826),[6.415,-18.0951,33.8661,-0.838248,70.7343,6.65511],[0,0,0])
r.MoveL(p(639.007,-19.4827,21.664,89.4173,-20.9817,-179.791),[6.70857,-15.9013,32.4601,-0.53527,72.7467,6.86144],[0,0,0])
r.MoveL(p(648.895,-22.0741,20.6041,89.3913,-23.4852,-179.757),[7.00836,-13.9516,31.2278,-0.245858,74.5196,7.08465],[0,0,0])
r.MoveL(p(658.851,-24.3947,19.5427,89.3654,-25.6494,-179.725),[7.31964,-12.2634,30.1738,0.0246393,76.0365,7.32928],[0,0,0])
r.MoveL(p(668.883,-26.389,18.5458,89.3412,-27.4489,-179.696),[7.64703,-10.8516,29.3004,0.271151,77.2845,7.59917],[0,0,0])
r.MoveL(p(678.995,-27.9996,17.6837,89.3202,-28.8607,-179.672),[7.99483,-9.72955,28.6093,0.488213,78.2527,7.89804],[0,0,0])
r.MoveL(p(689.184,-29.1694,17.0255,89.3041,-29.8626,-179.654),[8.36735,-8.91063,28.103,0.66944,78.9306,8.23008],[0,0,0])
r.MoveL(p(699.43,-29.8448,16.6332,89.2946,-30.4322,-179.643),[8.76898,-8.4093,27.7857,0.806886,79.3062,8.60022],[0,0,0])
r.MoveL(p(709.696,-29.9821,16.5523,89.2926,-30.5471,-179.64),[9.20413,-8.24026,27.6642,0.890638,79.3664,9.01432],[0,0,0])
r.MoveL(p(719.956,-29.5531,16.8037,89.2987,-30.187,-179.647),[9.67905,-8.41724,27.7469,0.908675,79.0975,9.48119],[0,0,0])
r.MoveL(p(730.166,-28.5483,17.3783,89.3127,-29.3331,-179.663),[10.2005,-8.95322,28.0449,0.84593,78.4843,10.0117],[0,0,0])
r.MoveL(p(740.286,-26.9794,18.2358,89.3336,-27.9707,-179.687),[10.7772,-9.85856,28.5711,0.683894,77.5125,10.6208],[0,0,0])
r.MoveL(p(750.287,-24.8763,19.3092,89.3598,-26.0892,-179.718),[11.4206,-11.1411,29.3402,0.399382,76.1684,11.3288],[0,0,0])
r.MoveL(p(760.158,-22.2825,20.5131,89.3891,-23.6826,-179.755),[12.1454,-12.8056,30.368,-0.0372425,74.4408,12.1638],[0,0,0])
r.MoveL(p(769.899,-19.2509,21.7524,89.4195,-20.7534,-179.794),[12.9699,-14.8511,31.6692,-0.664103,72.3246,13.1632],[0,0,0])
r.MoveL(p(779.52,-15.8389,22.9308,89.4487,-17.3162,-179.836),[13.9157,-17.2677,33.255,-1.53042,69.8253,14.3761],[0,0,0])
r.MoveL(p(789.042,-12.1079,23.9571,89.4749,-13.4054,-179.878),[15.0067,-20.0299,35.127,-2.69827,66.968,15.8648],[0,0,0])
r.MoveL(p(798.483,-8.12297,24.7506,89.4964,-9.0844,-179.92),[16.2658,-23.0893,37.2708,-4.24237,63.8067,17.7042],[0,0,0])
r.MoveL(p(807.863,-3.95346,25.2462,89.5119,-4.44985,-179.962),[17.7107,-26.3693,39.6503,-6.2458,60.4317,19.9766],[0,0,0])
r.MoveL(p(817.206,0.327686,25.3989,89.5208,0.369569,179.997),[19.3476,-29.7657,42.2051,-8.78925,56.9712,22.7613],[0,0,0])
r.MoveL(p(826.53,4.64228,25.1879,89.5227,5.22121,179.957),[21.1651,-33.1531,44.8528,-11.93,53.5844,26.1141],[0,0,0])
r.MoveL(p(835.862,8.91071,24.6185,89.5179,9.94856,179.917),[23.1313,-36.4015,47.4994,-15.6766,50.4394,30.0437],[0,0,0])
r.MoveL(p(845.227,13.0479,23.7243,89.5071,14.4044,179.877),[25.1935,-39.3892,50.0484,-19.9585,47.6899,34.4831],[0,0,0])
r.MoveL(p(854.658,16.9653,22.5671,89.4915,18.4667,179.839),[27.2847,-42.0177,52.4121,-24.6114,45.4468,39.2772],[0,0,0])
r.MoveL(p(864.191,20.5692,21.2357,89.4727,22.0424,179.802),[29.3318,-44.2168,54.5167,-29.3867,43.7597,44.1914],[0,0,0])
r.MoveL(p(873.861,23.7565,19.8452,89.4526,25.062,179.768),[31.2618,-45.9416,56.3014,-33.9823,42.6152,48.9423],[0,0,0])
r.MoveL(p(883.7,26.4143,18.5327,89.4335,27.4718,179.739),[33.0073,-47.1676,57.7151,-38.0882,41.9476,53.2396],[0,0,0])
r.MoveL(p(893.719,28.4191,17.4507,89.4176,29.2227,179.716),[34.5057,-47.8828,58.7115,-41.4215,41.6606,56.8188],[0,0,0])
r.MoveL(p(903.895,29.6464,16.7493,89.4072,30.2661,179.701),[35.6995,-48.0842,59.2472,-43.7466,41.6514,59.4579],[0,0,0])
r.MoveL(p(914.156,29.9927,16.5461,89.4043,30.5565,179.697),[36.5389,-47.7779,59.2862,-44.8894,41.8337,60.9886],[0,0,0])
r.MoveL(p(924.404,29.4038,16.8903,89.4093,30.0616,179.704),[36.989,-46.9785,58.8073,-44.7506,42.1585,61.3097],[0,0,0])
r.MoveL(p(934.53,27.892,17.7429,89.4219,28.768,179.722),[37.0339,-45.706,57.809,-43.3146,42.6287,60.3962],[0,0,0])
r.MoveL(p(944.452,25.5314,18.9841,89.4401,26.6824,179.749),[36.6803,-43.9784,56.3084,-40.6533,43.303,58.3074],[0,0,0])
r.MoveL(p(954.139,22.4319,20.4473,89.4614,23.824,179.782),[35.9549,-41.8055,54.3351,-36.9236,44.2863,55.1872],[0,0,0])
r.MoveL(p(963.601,18.7147,21.9527,89.4829,20.223,179.821),[34.9024,-39.1908,51.9282,-32.3658,45.7066,51.264],[0,0,0])
r.MoveL(p(972.871,14.4995,23.3307,89.5019,15.9294,179.863),[33.5872,-36.1438,49.1414,-27.2997,47.6799,46.8471],[0,0,0])
r.MoveL(p(981.996,9.90043,24.4352,89.5158,11.0278,179.907),[32.0949,-32.6959,46.0502,-22.0915,50.2669,42.2943],[0,0,0])
print('Done instruction: 100')
sys.stdout.flush()
r.MoveL(p(991.018,5.03239,25.1507,89.5225,5.65723,179.953),[30.5293,-28.9212,42.7612,-17.0969,53.4334,37.9558],[0,0,0])
r.MoveL(p(999.964,0.020397,25.4,89.5204,0.0230043,180),[29.0018,-24.9483,39.4137,-12.5952,57.0339,34.1075],[0,0,0])
r.setSpeed(500.000)
r.MoveL(p(999.964,0.0605485,125.4,89.5204,0.0230043,180),[28.6363,-24.413,34.1921,-11.8741,61.5383,32.5464],[0,0,0])
r.ProgFinish(r"""Path1""")
r.ProgSave(r"""C:/Users/hehon/Documents/RoboDK/""",r"""Path1""",False,r"""C:/RoboDK/Other/VSCodium/VSCodium.exe""")
